Linux 6.17.0-1019-aws (<host>) 	09/25/26 	_x86_64_	(2 CPU)

00:00:12        CPU     %user     %nice   %system   %iowait    %steal     %idle
00:10:11        all      0.54      0.00      0.20      0.02      0.34     98.90
00:20:12        all      0.52      0.00      0.19      0.02      0.35     98.92
00:30:12        all      0.52      0.00      0.20      0.02      0.29     98.98
00:40:12        all      0.51      0.00      0.19      0.02      0.28     99.01
00:50:12        all      0.52      0.00      0.20      0.02      0.33     98.94
01:00:11        all      0.51      0.00      0.19      0.02      0.31     98.97
01:10:12        all      0.51      0.00      0.20      0.02      0.30     98.97
01:20:12        all      0.52      0.00      0.19      0.02      0.27     99.00
01:30:12        all      0.52      0.00      0.20      0.02      0.27     99.00
01:40:08        all      0.51      0.00      0.19      0.02      0.27     99.01
01:50:12        all      0.74      0.07      0.24      0.03      0.36     98.56
02:00:12        all      0.51      0.00      0.19      0.02      0.34     98.95
02:10:04        all      0.51      0.00      0.19      0.02      0.22     99.07
02:20:06        all      0.51      0.00      0.19      0.02      0.28     99.00
02:30:12        all      0.51      0.00      0.18      0.02      0.26     99.02
02:40:12        all      0.52      0.00      0.18      0.02      0.23     99.05
02:50:12        all      0.52      0.00      0.19      0.02      0.32     98.95
03:00:12        all      0.52      0.00      0.20      0.02      0.26     99.01
03:10:12        all      0.52      0.00      0.19      0.02      0.25     99.03
03:20:12        all      0.51      0.00      0.20      0.02      0.33     98.94
03:30:12        all      0.52      0.00      0.19      0.02      0.25     99.03
Average:        all      0.53      0.00      0.19      0.02      0.29     98.97

00:00:12    kbmemfree   kbavail kbmemused  %memused kbbuffers  kbcached  kbcommit   %commit  kbactive   kbinact   kbdirty
00:10:11       667164   1277872   2247532     57.25     75132    665192   3186300     81.16   1776920   1049912      2772
00:20:12       666528   1274584   2250820     57.33     75200    662464   3186272     81.16   1777088   1047128      2960
00:30:12       663552   1275020   2250392     57.32     75260    665808   3186280     81.16   1777288   1050208      1272
00:40:12       662240   1273940   2251460     57.35     75316    665976   3186280     81.16   1777316   1050368      1448
00:50:12       665572   1274408   2250984     57.34     75388    663032   3186292     81.16   1777036   1047496      2836
01:00:11       665748   1278172   2247224     57.24     75448    666552   3186300     81.16   1777596   1050692      1804
01:10:12       665812   1278400   2246996     57.23     75508    666648   3202676     81.58   1777716   1050848      2740
01:20:12       664872   1274620   2250768     57.33     75568    663744   3186152     81.15   1777932   1047812      2056
01:30:12       663728   1277004   2248360     57.27     75656    667168   3186288     81.16   1778176   1051196      2088
01:40:08       662968   1276484   2248872     57.28     75744    667312   3188344     81.21   1777820   1051364      2856
01:50:12       645616   1256100   2269236     57.80     75816    664192   3186164     81.16   1778500   1048180      2576
02:00:12       647448   1261552   2263784     57.66     75872    667752   3186268     81.16   1778392   1051732      1752
02:10:04       650160   1264680   2260656     57.58     75932    668100   3188372     81.21   1778456   1051884      3000
02:20:06       649772   1260960   2264376     57.68     76040    664652   3188484     81.21   1779220   1048352      2396
02:30:12       648700   1263824   2261520     57.60     76104    668516   3186556     81.17   1779744   1052152      2368
02:40:12       647692   1263048   2262300     57.62     76152    668692   3186556     81.17   1778972   1052312      2664
02:50:12       648428   1260456   2264892     57.69     76208    665304   3186420     81.16   1779000   1048724      2376
03:00:12       649200   1265224   2260120     57.57     76280    669216   3202932     81.58   1779552   1052644      2220
03:10:12       648604   1265064   2260272     57.57     76356    669568   3186532     81.16   1779868   1052816      3600
03:20:12       655380   1268252   2257084     57.49     76436    665896   3186420     81.16   1779592   1049096      2640
03:30:12       654120   1271176   2254160     57.42     76520    669988   3186564     81.17   1779960   1053144      2512
Average:       656824   1269564   2255800     57.46     75806    666465   3188212     81.21   1778388   1050384      2426

00:00:12    kbswpfree kbswpused  %swpused  kbswpcad   %swpcad
00:10:11            0         0      0.00         0      0.00
00:20:12            0         0      0.00         0      0.00
00:30:12            0         0      0.00         0      0.00
00:40:12            0         0      0.00         0      0.00
00:50:12            0         0      0.00         0      0.00
01:00:11            0         0      0.00         0      0.00
01:10:12            0         0      0.00         0      0.00
01:20:12            0         0      0.00         0      0.00
01:30:12            0         0      0.00         0      0.00
01:40:08            0         0      0.00         0      0.00
01:50:12            0         0      0.00         0      0.00
02:00:12            0         0      0.00         0      0.00
02:10:04            0         0      0.00         0      0.00
02:20:06            0         0      0.00         0      0.00
02:30:12            0         0      0.00         0      0.00
02:40:12            0         0      0.00         0      0.00
02:50:12            0         0      0.00         0      0.00
03:00:12            0         0      0.00         0      0.00
03:10:12            0         0      0.00         0      0.00
03:20:12            0         0      0.00         0      0.00
03:30:12            0         0      0.00         0      0.00
Average:            0         0      0.00         0      0.00

00:00:12      runq-sz  plist-sz   ldavg-1   ldavg-5  ldavg-15   blocked
00:10:11            0       340      0.00      0.00      0.00         0
00:20:12            0       338      0.00      0.01      0.00         0
00:30:12            1       339      0.00      0.00      0.00         0
00:40:12            0       338      0.07      0.03      0.00         0
00:50:12            0       338      0.00      0.00      0.00         0
01:00:11            0       337      0.00      0.00      0.00         0
01:10:12            1       340      0.00      0.00      0.00         0
01:20:12            0       337      0.00      0.00      0.00         0
01:30:12            0       338      0.01      0.01      0.00         0
01:40:08            0       339      0.06      0.02      0.00         0
01:50:12            0       339      0.03      0.04      0.01         0
02:00:12            0       338      0.00      0.00      0.00         0
02:10:04            0       338      0.01      0.02      0.00         0
02:20:06            0       339      0.00      0.00      0.00         0
02:30:12            0       337      0.00      0.00      0.00         0
02:40:12            0       338      0.00      0.00      0.00         0
02:50:12            0       338      0.00      0.01      0.00         0
03:00:12            0       338      0.00      0.00      0.00         0
03:10:12            0       339      0.05      0.03      0.01         0
03:20:12            0       338      0.00      0.01      0.00         0
03:30:12            0       337      0.00      0.00      0.00         0
Average:            0       338      0.01      0.01      0.00         0
