Linux 6.17.0-1019-aws (<host>) 	09/22/26 	_x86_64_	(2 CPU)

13:30:12        CPU     %user     %nice   %system   %iowait    %steal     %idle
13:40:01        all     12.78      0.00      2.77      0.54      0.56     83.36
13:50:12        all      1.82      0.00      1.38      0.14      0.58     96.07
14:00:12        all      9.58      0.00      1.59      0.20      0.64     88.00
14:10:02        all     20.96      0.00      4.07      1.68      1.24     72.06
14:20:12        all      2.60      0.00      1.16      0.09      0.62     95.52
14:30:00        all      2.14      0.00      0.99      0.09      0.65     96.14
14:40:07        all      1.64      0.00      0.88      0.04      0.65     96.79
14:50:10        all      8.52      0.00      2.25      0.99      0.93     87.31
15:00:12        all     16.78      0.00      3.77      1.44      0.95     77.06
15:10:12        all      8.05      0.00      2.63      0.63      0.83     87.86
15:20:12        all      7.71      0.00     33.03     24.85      2.15     32.26
15:30:02        all      0.91      0.00      0.37      0.03      0.37     98.32
15:40:12        all      0.92      0.00      0.44      0.04      0.44     98.16
15:50:12        all      2.97      0.00      0.78      0.56      0.43     95.26
16:00:12        all      0.98      0.00      0.40      0.08      0.39     98.15
18:14:37        all      1.47      0.00     51.08     44.41      1.92      1.12
18:14:42        all     19.76      0.00     18.70     61.54      0.00      0.00
18:20:12        all      0.70      0.00      0.54      1.10      0.32     97.34
18:30:12        all      0.52      0.00      0.19      0.02      0.27     99.00
18:40:12        all      0.52      0.00      0.19      0.01      0.22     99.05
18:50:12        all      0.52      0.00      0.19      0.02      0.30     98.98
Average:        all      3.74      0.00     23.18     19.60      1.19     52.28

13:30:12     pgpgin/s pgpgout/s   fault/s  majflt/s  pgfree/s pgscank/s pgscand/s pgsteal/s    %vmeff
13:40:01       355.96    185.05   9321.35      1.15   9237.15    296.33      0.67    576.56    194.12
13:50:12       166.79    157.76   2085.38      2.41   1586.02      0.00      0.00      0.00      0.00
14:00:12        84.91     23.30   5796.12      0.19   5535.90      2.46      0.00      4.91    200.00
14:10:02      2856.41    278.94  14876.54     31.67  15514.25    777.38      4.82   1404.48    179.55
14:20:12        91.13     61.68   2554.41      0.83   2271.79      0.00      0.00      0.00      0.00
14:30:00       105.12     39.16   2062.05      1.69   1996.94      0.00      0.00      0.00      0.00
14:40:07        21.38    116.85   1129.05      0.32    967.05      0.00      0.00      0.00      0.00
14:50:10      1031.72    202.12   6361.50      8.51   6752.00    485.50      1.31    911.00    187.14
15:00:12      1413.22    400.09  13399.34      8.89  13277.63    394.77      0.18    761.83    192.89
15:10:12       574.02     44.87   6669.22      5.42   6177.05    180.42      0.00    327.83    181.70
15:20:12     76354.17    278.31   6155.28    696.95  24455.35 867335.45     40.91  38701.40      4.46
15:30:02        27.25     20.73    337.62      0.38    289.10      0.00      0.00      0.00      0.00
15:40:12        35.02     27.31    416.42      0.28    316.69      0.00      0.00      0.00      0.00
15:50:12       778.36     37.98   1748.78      8.06   1914.17    257.11      0.14    457.08    177.68
16:00:12        76.18     25.42    439.02      0.80    352.04      0.00      0.00      0.00      0.00
18:14:37     90235.40      1.40   1749.63    837.92  23654.99 1604150.98    806.32  46008.05      2.87
18:14:42     44306.51    182.35   1734.24    526.05  12826.47  12576.26      0.00  20227.73    160.84
18:20:12       958.87     23.19    235.83      9.71   1313.57    131.71      0.00    219.51    166.67
18:30:12        12.55     18.63    135.67      0.21    105.94      0.00      0.00      0.00      0.00
18:40:12         1.52     19.77    133.86      0.03    105.14      0.00      0.00      0.00      0.00
18:50:12         7.95     20.60    132.26      0.13    105.63      0.00      0.00      0.00      0.00
Average:     40552.10     62.21   3035.06    376.23  12794.11 700968.56    340.17  20680.74      2.95

13:30:12    kbmemfree   kbavail kbmemused  %memused kbbuffers  kbcached  kbcommit   %commit  kbactive   kbinact   kbdirty
13:40:01      1491168   1781096   1738936     44.29     31892    347312   2697928     68.72   1069548    816532     22964
13:50:12      1445488   1848692   1671448     42.57     34568    457772   2613724     66.57   1165580    832568       520
14:00:12      1389308   1838268   1681736     42.84     37132    500928   2614576     66.60   1173992    870464       552
14:10:02      1275316   1830288   1691376     43.08     27664    632172   2816464     71.74   1370320    809820     11964
14:20:12       918736   1544036   1977780     50.38     40592    688692   3014640     76.79   1692432    843648       460
14:30:00       877252   1562588   1959252     49.90     44420    745028   3012568     76.73   1759204    824528       456
14:40:07       820500   1543976   1977940     50.38     56300    769260   3051540     77.73   1788540    847620       656
14:50:10      1274760   1527160   1978212     50.39     26588    346560   3009628     76.66   1552632    630520     13004
15:00:12      1345932   1534780   1958776     49.89     37532    284692   3000416     76.42   1189032    924776       420
15:10:12      1386104   1558032   1964060     50.03     13792    263108   3001364     76.45   1548876    527268       940
15:20:12       926572   1200272   2321632     59.13     17596    364796   3305868     84.20    872568   1657448      1240
15:30:02       923544   1213152   2308960     58.81     18812    379216   3306756     84.23    873480   1656008      2096
15:40:12       906800   1221964   2300224     58.59     21308    402120   3302396     84.12    895100   1665372       764
15:50:12      1008436   1241876   2272300     57.88     20384    330616   3206868     81.68   1883516    572252      1016
16:00:12       964824   1221296   2261936     57.61     24168    380504   3208268     81.72   1910356    591320       296
18:14:37       120364    111244   3476684     88.55       740     65124   4610472    117.43   2912580    519540       368
18:14:42       115692    118192   3458308     88.09      1008     88044   4517296    115.06    509492   2928164       992
18:20:12      1182608   1309540   2216572     56.46      5544    259144   3186108     81.15   1724380    617936       212
18:30:12      1169712   1305900   2220232     56.55      6060    267800   3187012     81.18   1732164    619804       228
18:40:12      1166856   1304616   2221536     56.58      6308    269084   3187152     81.18   1733144    620128       388
18:50:12      1160692   1302452   2223772     56.64      6540    272840   3184228     81.11   1737504    618936       388
Average:      1041460   1339020   2184842     55.65     22807    386420   3192156     81.31   1480688    952126      2854

13:30:12    kbswpfree kbswpused  %swpused  kbswpcad   %swpcad
13:40:01            0         0      0.00         0      0.00
13:50:12            0         0      0.00         0      0.00
14:00:12            0         0      0.00         0      0.00
14:10:02            0         0      0.00         0      0.00
14:20:12            0         0      0.00         0      0.00
14:30:00            0         0      0.00         0      0.00
14:40:07            0         0      0.00         0      0.00
14:50:10            0         0      0.00         0      0.00
15:00:12            0         0      0.00         0      0.00
15:10:12            0         0      0.00         0      0.00
15:20:12            0         0      0.00         0      0.00
15:30:02            0         0      0.00         0      0.00
15:40:12            0         0      0.00         0      0.00
15:50:12            0         0      0.00         0      0.00
16:00:12            0         0      0.00         0      0.00
18:14:37            0         0      0.00         0      0.00
18:14:42            0         0      0.00         0      0.00
18:20:12            0         0      0.00         0      0.00
18:30:12            0         0      0.00         0      0.00
18:40:12            0         0      0.00         0      0.00
18:50:12            0         0      0.00         0      0.00
Average:            0         0      0.00         0      0.00

13:30:12      runq-sz  plist-sz   ldavg-1   ldavg-5  ldavg-15   blocked
13:40:01            0       323      0.79      0.47      0.24         0
13:50:12            0       320      0.04      0.17      0.17         0
14:00:12            0       323      0.25      0.29      0.21         0
14:10:02            2       358      0.81      0.81      0.54         0
14:20:12            0       367      0.00      0.18      0.34         0
14:30:00            0       370      0.00      0.05      0.18         0
14:40:07            0       367      0.51      0.27      0.21         0
14:50:10            0       364      0.75      0.37      0.25         0
15:00:12            0       364      0.13      0.42      0.36         0
15:10:12            0       363      0.63      0.34      0.30         0
15:20:12            0       373     10.89     34.39     20.09         0
15:30:02            0       365      0.00      4.77     10.63         0
15:40:12            0       365      0.00      0.62      5.50         0
15:50:12            0       347      0.20      0.24      2.94         0
16:00:12            0       348      0.03      0.06      1.54         0
18:14:37            3       375     70.17     95.06    108.41        16
18:14:42            6       363     66.08     93.80    107.93        12
18:20:12            0       338      0.27     31.11     75.66         0
18:30:12            0       339      0.02      4.19     39.65         0
18:40:12            0       339      0.02      0.58     20.77         0
18:50:12            0       338      0.04      0.08     10.86         0
Average:            1       353      7.22     12.77     19.37         1
